701,0
707,0
697,1
699,1
709,1
704,2
709,2
696,3
702,3
704,3
706,3
709,3
694,4
699,4
701,4
706,4
709,4
692,5
699,5
706,5
709,5
691,6
692,6
697,6
706,6
689,7
696,7
706,7
707,7
687,8
694,8
706,8
686,9
692,9
706,9
684,10
691,10
692,10
706,10
682,11
689,11
691,11
711,11
687,12
689,12
706,12
711,12
679,13
686,13
687,13
679,14
686,14
676,15
677,15
684,15
706,15
711,15
676,16
682,16
674,17
681,17
706,17
679,18
706,18
711,18
671,19
677,19
706,19
711,19
669,20
676,20
677,20
706,20
676,21
706,21
711,21
667,22
674,22
706,22
666,23
672,23
674,23
706,23
664,24
666,24
671,24
672,24
706,24
671,25
706,25
662,26
669,26
706,26
661,27
667,27
706,27
667,28
706,28
657,29
666,29
706,29
664,30
706,30
656,31
664,31
706,31
662,32
706,32
709,32
654,33
661,33
706,33
709,33
652,34
659,34
661,34
706,34
709,34
651,35
659,35
706,35
709,35
657,36
659,36
706,36
649,37
656,37
657,37
706,37
647,38
656,38
706,38
709,38
647,39
654,39
706,39
709,39
646,40
654,40
709,40
646,41
652,41
709,41
644,42
651,42
709,42
642,43
651,43
656,43
709,43
641,44
649,44
709,44
78,45
80,45
82,45
641,45
647,45
649,45
709,45
75,46
76,46
78,46
82,46
83,46
85,46
87,46
88,46
90,46
92,46
639,46
647,46
709,46
73,47
75,47
80,47
82,47
92,47
93,47
95,47
97,47
98,47
637,47
646,47
709,47
73,48
83,48
85,48
88,48
90,48
92,48
98,48
100,48
102,48
103,48
637,48
644,48
646,48
709,48
73,49
75,49
78,49
103,49
105,49
107,49
108,49
644,49
704,49
709,49
75,50
108,50
110,50
112,50
634,50
642,50
651,50
652,50
709,50
75,51
112,51
113,51
115,51
641,51
647,51
649,51
656,51
709,51
75,52
112,52
113,52
115,52
117,52
118,52
120,52
632,52
641,52
656,52
657,52
709,52
75,53
78,53
83,53
115,53
117,53
118,53
120,53
122,53
123,53
639,53
641,53
659,53
709,53
75,54
78,54
120,54
122,54
123,54
125,54
127,54
630,54
639,54
661,54
662,54
75,55
76,55
78,55
85,55
123,55
125,55
127,55
128,55
637,55
639,55
662,55
707,55
76,56
78,56
80,56
85,56
128,56
130,56
132,56
629,56
637,56
662,56
664,56
707,56
76,57
80,57
85,57
118,57
132,57
133,57
635,57
637,57
664,57
666,57
707,57
76,58
80,58
85,58
87,58
122,58
123,58
125,58
135,58
137,58
627,58
635,58
664,58
707,58
76,59
78,59
80,59
95,59
98,59
125,59
127,59
128,59
138,59
634,59
664,59
707,59
78,60
80,60
128,60
130,60
132,60
133,60
142,60
632,60
634,60
666,60
707,60
78,61
80,61
82,61
88,61
133,61
135,61
145,61
147,61
630,61
632,61
666,61
667,61
707,61
78,62
80,62
82,62
88,62
137,62
138,62
140,62
150,62
152,62
630,62
667,62
707,62
80,63
82,63
142,63
143,63
155,63
624,63
629,63
630,63
672,63
707,63
80,64
82,64
83,64
90,64
145,64
147,64
158,64
629,64
667,64
707,64
80,65
82,65
83,65
85,65
147,65
148,65
150,65
160,65
162,65
622,65
627,65
629,65
669,65
707,65
82,66
85,66
92,66
152,66
153,66
164,66
165,66
627,66
669,66
82,67
85,67
90,67
92,67
155,67
157,67
167,67
169,67
620,67
627,67
669,67
706,67
82,68
83,68
85,68
93,68
158,68
160,68
170,68
172,68
620,68
627,68
672,68
83,69
87,69
93,69
162,69
164,69
175,69
625,69
671,69
706,69
83,70
88,70
93,70
95,70
162,70
164,70
165,70
167,70
184,70
624,70
625,70
671,70
706,70
83,71
85,71
88,71
93,71
160,71
167,71
169,71
170,71
177,71
180,71
617,71
619,71
624,71
672,71
706,71
85,72
88,72
95,72
158,72
170,72
172,72
174,72
624,72
672,72
674,72
706,72
85,73
87,73
88,73
90,73
95,73
97,73
155,73
157,73
174,73
175,73
177,73
185,73
622,73
624,73
706,73
87,74
90,74
97,74
155,74
177,74
179,74
189,74
615,74
622,74
672,74
674,74
706,74
87,75
88,75
92,75
97,75
153,75
180,75
182,75
189,75
620,75
622,75
672,75
706,75
88,76
92,76
98,76
153,76
182,76
184,76
185,76
192,76
194,76
615,76
620,76
88,77
92,77
98,77
100,77
152,77
185,77
187,77
195,77
197,77
614,77
619,77
620,77
674,77
706,77
88,78
90,78
92,78
93,78
98,78
100,78
152,78
189,78
190,78
199,78
614,78
619,78
674,78
676,78
90,79
93,79
102,79
150,79
190,79
192,79
194,79
200,79
202,79
614,79
619,79
676,79
704,79
90,80
92,80
95,80
100,80
102,80
150,80
194,80
195,80
204,80
612,80
614,80
615,80
617,80
674,80
704,80
92,81
95,81
102,81
123,81
150,81
195,81
197,81
199,81
205,81
207,81
610,81
612,81
617,81
704,81
92,82
93,82
95,82
102,82
103,82
148,82
199,82
200,82
207,82
210,82
612,82
617,82
649,82
676,82
677,82
679,82
704,82
93,83
95,83
97,83
143,83
148,83
200,83
202,83
212,83
615,83
617,83
677,83
679,83
704,83
93,84
95,84
97,84
98,84
148,84
204,84
205,84
215,84
609,84
615,84
677,84
704,84
95,85
98,85
142,85
148,85
205,85
207,85
209,85
219,85
609,85
614,85
615,85
704,85
95,86
97,86
98,86
105,86
140,86
148,86
209,86
210,86
220,86
607,86
614,86
677,86
679,86
704,86
97,87
100,87
148,87
210,87
212,87
224,87
607,87
612,87
614,87
679,87
704,87
97,88
98,88
100,88
138,88
143,88
148,88
214,88
215,88
225,88
612,88
679,88
704,88
98,89
100,89
102,89
143,89
148,89
215,89
217,89
227,89
605,89
612,89
679,89
98,90
100,90
102,90
103,90
113,90
148,90
217,90
219,90
230,90
605,90
610,90
612,90
702,90
100,91
103,91
113,91
148,91
220,91
232,91
610,91
681,91
702,91
100,92
102,92
103,92
105,92
148,92
222,92
224,92
234,92
604,92
610,92
681,92
702,92
102,93
103,93
105,93
115,93
148,93
224,93
225,93
235,93
604,93
609,93
681,93
702,93
103,94
105,94
117,94
148,94
225,94
227,94
237,94
604,94
609,94
681,94
702,94
103,95
105,95
107,95
118,95
148,95
229,95
230,95
239,95
604,95
609,95
681,95
702,95
105,96
107,96
108,96
148,96
230,96
242,96
602,96
607,96
609,96
681,96
682,96
105,97
107,97
108,97
110,97
148,97
150,97
232,97
234,97
607,97
681,97
701,97
107,98
108,98
110,98
148,98
150,98
234,98
244,98
246,98
600,98
607,98
682,98
701,98
108,99
110,99
112,99
150,99
235,99
239,99
249,99
600,99
605,99
607,99
682,99
701,99
108,100
110,100
112,100
150,100
239,100
241,100
251,100
605,100
607,100
682,100
110,100
113,100
150,100
241,100
605,100
682,100
699,100
110,101
112,101
113,101
115,101
150,101
242,101
252,101
599,101
605,101
682,101
699,101
112,102
113,102
115,102
125,102
152,102
244,102
256,102
599,102
604,102
605,102
682,102
699,102
113,103
117,103
152,103
153,103
246,103
599,103
604,103
682,103
113,104
115,104
117,104
118,104
153,104
247,104
249,104
257,104
597,104
602,104
604,104
682,104
684,104
115,105
118,105
152,105
153,105
249,105
597,105
602,105
684,105
697,105
115,106
117,106
118,106
153,106
251,106
261,106
597,106
602,106
697,106
117,107
118,107
120,107
122,107
132,107
153,107
252,107
262,107
597,107
602,107
684,107
697,107
118,108
120,108
122,108
254,108
264,108
595,108
602,108
684,108
697,108
120,109
123,109
155,109
254,109
266,109
595,109
602,109
684,109
696,109
120,110
122,110
125,110
155,110
256,110
257,110
267,110
595,110
600,110
684,110
696,110
122,111
123,111
125,111
155,111
157,111
257,111
264,111
269,111
592,111
594,111
599,111
684,111
686,111
696,111
123,112
127,112
157,112
259,112
269,112
592,112
594,112
599,112
600,112
684,112
696,112
123,113
125,113
127,113
128,113
157,113
158,113
261,113
271,113
592,113
594,113
600,113
684,113
686,113
696,113
125,114
127,114
128,114
130,114
157,114
158,114
262,114
272,114
590,114
592,114
600,114
684,114
686,114
689,114
127,115
128,115
130,115
132,115
157,115
158,115
264,115
274,115
590,115
592,115
599,115
684,115
689,115
694,115
128,116
130,116
132,116
158,116
266,116
276,116
590,116
592,116
599,116
684,116
686,116
130,117
133,117
158,117
160,117
267,117
277,117
589,117
592,117
597,117
684,117
694,117
130,118
132,118
135,118
160,118
269,118
279,118
589,118
590,118
684,118
694,118
132,119
133,119
135,119
160,119
279,119
589,119
597,119
684,119
692,119
133,120
135,120
137,120
160,120
271,120
281,120
589,120
597,120
684,120
686,120
692,120
18,121
20,121
21,121
135,121
138,121
162,121
272,121
282,121
589,121
597,121
684,121
686,121
692,121
16,122
18,122
23,122
25,122
26,122
135,122
137,122
138,122
140,122
162,122
274,122
284,122
587,122
589,122
594,122
684,122
686,122
692,122
16,123
26,123
28,123
30,123
137,123
138,123
140,123
142,123
162,123
164,123
276,123
284,123
587,123
589,123
594,123
595,123
684,123
16,124
23,124
31,124
33,124
138,124
140,124
142,124
164,124
277,124
286,124
287,124
587,124
589,124
592,124
595,124
684,124
691,124
16,125
33,125
35,125
36,125
140,125
142,125
143,125
165,125
287,125
587,125
684,125
691,125
16,126
36,126
38,126
40,126
142,126
143,126
145,126
164,126
165,126
279,126
289,126
291,126
587,126
594,126
682,126
15,127
40,127
41,127
43,127
45,127
142,127
143,127
145,127
147,127
165,127
281,127
291,127
292,127
587,127
590,127
594,127
682,127
684,127
689,127
15,128
45,128
46,128
48,128
143,128
145,128
147,128
148,128
165,128
167,128
291,128
292,128
294,128
587,128
590,128
682,128
684,128
689,128
15,129
48,129
50,129
51,129
145,129
147,129
148,129
150,129
167,129
284,129
292,129
294,129
587,129
590,129
592,129
682,129
15,130
51,130
53,130
147,130
148,130
150,130
167,130
284,130
294,130
296,130
585,130
590,130
592,130
681,130
687,130
15,131
46,131
53,131
55,131
56,131
58,131
148,131
150,131
152,131
167,131
169,131
286,131
296,131
428,131
430,131
431,131
433,131
435,131
436,131
438,131
440,131
441,131
443,131
445,131
446,131
448,131
450,131
451,131
453,131
455,131
456,131
458,131
460,131
461,131
463,131
465,131
466,131
468,131
470,131
473,131
585,131
592,131
681,131
687,131
13,132
60,132
61,132
150,132
152,132
153,132
155,132
169,132
287,132
289,132
296,132
297,132
411,132
415,132
416,132
418,132
420,132
421,132
423,132
425,132
426,132
428,132
430,132
431,132
433,132
441,132
443,132
450,132
451,132
453,132
455,132
456,132
458,132
460,132
461,132
470,132
471,132
473,132
475,132
476,132
478,132
480,132
482,132
483,132
485,132
487,132
488,132
490,132
585,132
592,132
681,132
686,132
13,133
63,133
65,133
152,133
153,133
155,133
170,133
289,133
297,133
403,133
405,133
406,133
408,133
410,133
411,133
415,133
436,133
438,133
465,133
466,133
468,133
470,133
473,133
476,133
478,133
480,133
482,133
483,133
485,133
487,133
488,133
490,133
492,133
493,133
495,133
498,133
500,133
585,133
592,133
679,133
681,133
13,134
66,134
68,134
153,134
157,134
170,134
291,134
299,134
394,134
396,134
398,134
400,134
401,134
493,134
495,134
497,134
498,134
500,134
502,134
503,134
507,134
508,134
589,134
590,134
679,134
681,134
686,134
13,135
70,135
153,135
155,135
157,135
158,135
172,135
291,135
301,135
386,135
388,135
389,135
391,135
393,135
394,135
396,135
398,135
400,135
408,135
410,135
502,135
503,135
505,135
507,135
508,135
510,135
512,135
513,135
515,135
584,135
589,135
590,135
679,135
686,135
13,136
71,136
73,136
75,136
155,136
157,136
158,136
160,136
172,136
292,136
301,136
378,136
379,136
381,136
383,136
384,136
386,136
508,136
510,136
512,136
513,136
515,136
517,136
518,136
520,136
589,136
590,136
679,136
13,137
76,137
157,137
158,137
160,137
162,137
174,137
294,137
302,137
369,137
371,137
374,137
376,137
378,137
393,137
435,137
441,137
517,137
518,137
520,137
522,137
523,137
525,137
584,137
590,137
677,137
684,137
11,138
78,138
80,138
158,138
160,138
162,138
164,138
175,138
296,138
304,138
363,138
364,138
368,138
369,138
374,138
384,138
405,138
523,138
525,138
527,138
528,138
530,138
532,138
590,138
677,138
684,138
11,139
82,139
83,139
160,139
162,139
164,139
165,139
175,139
296,139
297,139
306,139
358,139
361,139
363,139
364,139
366,139
369,139
371,139
528,139
530,139
532,139
533,139
535,139
589,139
677,139
11,140
85,140
87,140
162,140
164,140
165,140
177,140
297,140
306,140
353,140
356,140
358,140
359,140
364,140
366,140
508,140
520,140
535,140
537,140
538,140
540,140
542,140
587,140
589,140
676,140
682,140
11,141
88,141
164,141
165,141
167,141
179,141
299,141
301,141
307,141
348,141
351,141
353,141
354,141
358,141
359,141
361,141
363,141
540,141
542,141
543,141
545,141
582,141
589,141
676,141
677,141
11,142
78,142
90,142
92,142
165,142
167,142
169,142
180,142
301,142
309,142
339,142
343,142
348,142
349,142
351,142
353,142
354,142
356,142
545,142
547,142
548,142
589,142
682,142
11,143
93,143
95,143
167,143
169,143
170,143
180,143
309,143
336,143
339,143
343,143
344,143
346,143
348,143
349,143
351,143
366,143
532,143
548,143
550,143
552,143
587,143
589,143
674,143
676,143
11,144
97,144
98,144
169,144
170,144
172,144
182,144
302,144
311,144
333,144
336,144
339,144
341,144
343,144
344,144
363,144
533,144
535,144
552,144
553,144
555,144
587,144
674,144
679,144
681,144
11,145
100,145
170,145
172,145
174,145
184,145
304,145
312,145
329,145
333,145
336,145
338,145
339,145
341,145
354,145
356,145
555,145
557,145
558,145
580,145
587,145
674,145
102,146
103,146
172,146
174,146
175,146
185,146
312,146
329,146
333,146
334,146
336,146
353,146
354,146
545,146
558,146
560,146
587,146
672,146
10,147
105,147
174,147
175,147
177,147
187,147
306,147
314,147
326,147
329,147
331,147
333,147
334,147
346,147
547,147
548,147
560,147
562,147
564,147
580,147
587,147
672,147
679,147
10,148
107,148
108,148
110,148
174,148
175,148
177,148
179,148
307,148
316,148
323,148
324,148
326,148
328,148
329,148
346,148
550,148
552,148
553,148
564,148
565,148
585,148
587,148
671,148
677,148
10,149
112,149
175,149
177,149
179,149
180,149
189,149
307,149
309,149
316,149
321,149
323,149
324,149
338,149
567,149
585,149
587,149
671,149
10,150
113,150
115,150
177,150
179,150
180,150
182,150
190,150
309,150
311,150
317,150
319,150
321,150
323,150
333,150
334,150
543,150
557,150
558,150
569,150
570,150
574,150
579,150
585,150
671,150
676,150
677,150
10,151
117,151
179,151
180,151
182,151
184,151
311,151
564,151
572,151
579,151
585,151
671,151
10,152
118,152
180,152
182,152
184,152
311,152
312,152
565,152
567,152
574,152
575,152
585,152
669,152
676,152
10,153
120,153
122,153
182,153
184,153
185,153
312,153
326,153
328,153
329,153
567,153
569,153
577,153
585,153
669,153
8,154
10,154
123,154
125,154
184,154
185,154
187,154
314,154
323,154
570,154
572,154
580,154
585,154
667,154
674,154
127,155
185,155
187,155
189,155
316,155
317,155
321,155
574,155
580,155
585,155
587,155
667,155
674,155
8,156
128,156
130,156
187,156
189,156
190,156
200,156
575,156
577,156
589,156
666,156
674,156
8,157
130,157
132,157
189,157
190,157
192,157
666,157
8,158
133,158
135,158
190,158
192,158
194,158
205,158
338,158
580,158
582,158
666,158
672,158
8,159
135,159
137,159
192,159
194,159
195,159
584,159
664,159
8,160
137,160
138,160
140,160
194,160
195,160
664,160
669,160
671,160
8,161
142,161
143,161
195,161
197,161
664,161
671,161
6,162
8,162
133,162
143,162
145,162
197,162
199,162
202,162
662,162
145,163
147,163
199,163
200,163
204,163
662,163
669,163
6,164
148,164
200,164
202,164
661,164
6,165
13,165
150,165
152,165
202,165
204,165
205,165
207,165
661,165
662,165
6,166
13,166
153,166
155,166
204,166
205,166
209,166
215,166
659,166
667,166
6,167
13,167
157,167
205,167
207,167
659,167
6,168
13,168
157,168
158,168
160,168
207,168
209,168
657,168
659,168
160,169
162,169
209,169
210,169
212,169
657,169
666,169
6,170
162,170
164,170
212,170
214,170
656,170
155,171
164,171
165,171
167,171
214,171
215,171
656,171
664,171
167,172
169,172
215,172
217,172
654,172
170,173
217,173
219,173
220,173
654,173
656,173
661,173
172,174
174,174
220,174
222,174
230,174
619,174
5,175
174,175
175,175
177,175
222,175
224,175
232,175
652,175
661,175
167,176
177,176
224,176
225,176
652,176
177,177
179,177
180,177
225,177
227,177
651,177
652,177
659,177
172,178
182,178
227,178
229,178
234,178
651,178
5,179
11,179
184,179
185,179
229,179
230,179
649,179
657,179
175,180
187,180
230,180
232,180
234,180
649,180
179,181
189,181
190,181
234,181
235,181
647,181
649,181
5,182
192,182
235,182
237,182
239,182
241,182
647,182
652,182
654,182
5,183
192,183
194,183
239,183
241,183
252,183
646,183
647,183
5,184
194,184
195,184
241,184
242,184
276,184
644,184
646,184
652,184
5,185
10,185
197,185
199,185
242,185
244,185
246,185
272,185
644,185
652,185
5,186
10,186
199,186
200,186
246,186
247,186
642,186
644,186
651,186
5,187
202,187
247,187
249,187
261,187
271,187
642,187
5,188
10,188
204,188
205,188
249,188
251,188
269,188
637,188
641,188
642,188
649,188
3,189
10,189
207,189
251,189
252,189
254,189
267,189
269,189
274,189
635,189
639,189
641,189
10,190
209,190
254,190
256,190
259,190
274,190
634,190
635,190
641,190
647,190
3,191
10,191
200,191
210,191
212,191
256,191
257,191
274,191
634,191
10,192
202,192
212,192
214,192
257,192
259,192
634,192
644,192
10,193
215,193
217,193
259,193
264,193
635,193
3,194
10,194
217,194
219,194
259,194
264,194
272,194
635,194
637,194
644,194
10,195
219,195
220,195
259,195
264,195
271,195
637,195
3,196
10,196
220,196
222,196
259,196
262,196
271,196
637,196
644,196
3,197
8,197
10,197
214,197
222,197
224,197
257,197
259,197
269,197
639,197
3,198
8,198
10,198
225,198
227,198
257,198
261,198
267,198
269,198
555,198
557,198
558,198
560,198
562,198
564,198
565,198
567,198
569,198
570,198
639,198
641,198
646,198
3,199
8,199
10,199
227,199
229,199
257,199
261,199
267,199
550,199
552,199
553,199
555,199
570,199
572,199
574,199
575,199
639,199
641,199
3,200
10,200
220,200
229,200
230,200
256,200
257,200
267,200
339,200
341,200
343,200
344,200
346,200
348,200
349,200
351,200
353,200
548,200
550,200
575,200
577,200
579,200
641,200
647,200
8,200
10,200
230,200
232,200
256,200
259,200
266,200
353,200
354,200
356,200
358,200
359,200
548,200
555,200
557,200
558,200
560,200
562,200
580,200
582,200
642,200
3,201
8,201
10,201
232,201
234,201
254,201
256,201
266,201
329,201
331,201
333,201
336,201
359,201
361,201
543,201
545,201
547,201
548,201
553,201
555,201
557,201
558,201
560,201
562,201
564,201
565,201
572,201
582,201
584,201
585,201
642,201
649,201
8,202
10,202
234,202
235,202
254,202
257,202
264,202
328,202
329,202
336,202
339,202
341,202
343,202
344,202
346,202
348,202
363,202
364,202
542,202
547,202
550,202
552,202
553,202
565,202
567,202
569,202
577,202
585,202
587,202
642,202
644,202
1,203
8,203
237,203
239,203
252,203
254,203
264,203
324,203
326,203
328,203
348,203
349,203
351,203
364,203
366,203
540,203
542,203
547,203
548,203
567,203
569,203
587,203
589,203
644,203
649,203
651,203
8,204
241,204
252,204
323,204
324,204
331,204
351,204
353,204
366,204
368,204
538,204
540,204
548,204
569,204
570,204
589,204
590,204
644,204
1,205
8,205
241,205
242,205
252,205
256,205
262,205
321,205
323,205
329,205
353,205
354,205
363,205
368,205
369,205
537,205
538,205
547,205
570,205
590,205
592,205
644,205
646,205
1,206
8,206
244,206
251,206
252,206
256,206
262,206
319,206
321,206
354,206
364,206
369,206
371,206
537,206
545,206
547,206
570,206
572,206
592,206
594,206
646,206
652,206
1,207
8,207
244,207
246,207
251,207
317,207
354,207
356,207
366,207
371,207
373,207
535,207
537,207
545,207
572,207
594,207
646,207
647,207
1,208
8,208
249,208
251,208
254,208
261,208
316,208
329,208
354,208
356,208
373,208
535,208
545,208
572,208
577,208
595,208
646,208
647,208
654,208
1,209
8,209
251,209
254,209
261,209
314,209
356,209
368,209
373,209
374,209
533,209
535,209
543,209
545,209
572,209
577,209
579,209
580,209
595,209
597,209
647,209
654,209
1,210
8,210
249,210
251,210
252,210
312,210
314,210
356,210
359,210
361,210
369,210
374,210
533,210
545,210
572,210
580,210
597,210
599,210
647,210
649,210
1,211
8,211
251,211
259,211
312,211
317,211
328,211
356,211
363,211
374,211
533,211
538,211
545,211
570,211
572,211
599,211
649,211
656,211
1,212
8,212
249,212
251,212
259,212
311,212
312,212
324,212
328,212
374,212
376,212
532,212
533,212
538,212
543,212
545,212
570,212
599,212
600,212
649,212
656,212
1,213
8,213
249,213
251,213
309,213
311,213
328,213
354,213
376,213
532,213
543,213
545,213
570,213
600,213
649,213
651,213
1,214
8,214
249,214
257,214
309,214
314,214
376,214
532,214
545,214
569,214
570,214
582,214
600,214
651,214
656,214
1,215
8,215
249,215
307,215
309,215
326,215
353,215
366,215
376,215
378,215
532,215
545,215
547,215
567,215
569,215
582,215
600,215
602,215
651,215
656,215
1,216
8,216
247,216
249,216
307,216
312,216
329,216
351,216
353,216
366,216
373,216
378,216
532,216
545,216
548,216
567,216
574,216
580,216
597,216
602,216
651,216
652,216
659,216
1,217
8,217
247,217
249,217
256,217
307,217
328,217
331,217
349,217
351,217
356,217
358,217
364,217
378,217
530,217
532,217
550,217
564,217
565,217
567,217
574,217
575,217
577,217
579,217
602,217
651,217
652,217
8,218
247,218
306,218
307,218
333,218
348,218
349,218
358,218
359,218
361,218
363,218
364,218
378,218
530,218
532,218
548,218
552,218
553,218
555,218
558,218
560,218
562,218
564,218
597,218
602,218
604,218
652,218
657,218
659,218
8,219
246,219
247,219
306,219
331,219
334,219
336,219
343,219
344,219
346,219
348,219
361,219
378,219
530,219
532,219
553,219
555,219
557,219
558,219
560,219
604,219
652,219
654,219
8,220
247,220
306,220
333,220
338,220
339,220
341,220
343,220
344,220
378,220
530,220
532,220
604,220
654,220
659,220
661,220
8,221
244,221
306,221
373,221
378,221
530,221
532,221
567,221
604,221
654,221
661,221
8,222
244,222
252,222
304,222
306,222
373,222
378,222
530,222
532,222
604,222
654,222
8,223
244,223
252,223
304,223
306,223
378,223
530,223
532,223
604,223
654,223
656,223
8,224
244,224
246,224
304,224
378,224
532,224
604,224
656,224
661,224
6,225
8,225
242,225
244,225
252,225
304,225
378,225
532,225
574,225
575,225
577,225
579,225
604,225
605,225
656,225
661,225
8,226
242,226
304,226
306,226
351,226
353,226
354,226
356,226
378,226
532,226
537,226
575,226
577,226
579,226
604,226
656,226
6,227
8,227
242,227
304,227
354,227
378,227
532,227
533,227
604,227
656,227
657,227
6,228
8,228
242,228
304,228
378,228
533,228
604,228
657,228
659,228
662,228
8,229
242,229
304,229
306,229
376,229
533,229
602,229
657,229
8,230
306,230
376,230
533,230
535,230
597,230
602,230
657,230
659,230
664,230
8,231
241,231
244,231
306,231
376,231
451,231
453,231
455,231
456,231
458,231
460,231
461,231
463,231
465,231
466,231
535,231
597,231
602,231
657,231
659,231
8,232
241,232
306,232
374,232
446,232
448,232
450,232
451,232
453,232
461,232
466,232
468,232
470,232
535,232
537,232
600,232
602,232
657,232
659,232
664,232
666,232
8,233
241,233
306,233
312,233
374,233
445,233
471,233
537,233
600,233
659,233
8,234
241,234
244,234
307,234
312,234
374,234
445,234
451,234
453,234
455,234
456,234
458,234
460,234
463,234
465,234
471,234
537,234
538,234
543,234
599,234
600,234
659,234
661,234
664,234
8,235
307,235
373,235
445,235
453,235
455,235
456,235
470,235
471,235
538,235
540,235
599,235
659,235
6,236
8,236
239,236
249,236
307,236
309,236
314,236
371,236
446,236
448,236
468,236
470,236
540,236
592,236
597,236
599,236
661,236
8,237
239,237
242,237
309,237
369,237
371,237
448,237
450,237
465,237
466,237
542,237
590,237
597,237
622,237
624,237
625,237
627,237
629,237
630,237
632,237
634,237
661,237
666,237
8,238
241,238
249,238
309,238
311,238
316,238
368,238
369,238
450,238
451,238
453,238
463,238
465,238
542,238
543,238
589,238
595,238
615,238
617,238
619,238
620,238
622,238
630,238
632,238
634,238
635,238
637,238
639,238
641,238
642,238
659,238
6,239
8,239
239,239
241,239
249,239
311,239
316,239
366,239
368,239
453,239
455,239
456,239
458,239
460,239
461,239
463,239
543,239
545,239
552,239
553,239
594,239
612,239
614,239
641,239
642,239
644,239
646,239
661,239
666,239
667,239
6,240
8,240
239,240
241,240
279,240
281,240
282,240
284,240
286,240
287,240
289,240
291,240
292,240
321,240
366,240
545,240
547,240
553,240
575,240
590,240
592,240
609,240
610,240
647,240
649,240
661,240
662,240
666,240
667,240
8,241
239,241
241,241
247,241
271,241
272,241
274,241
276,241
277,241
279,241
281,241
282,241
292,241
294,241
296,241
297,241
299,241
314,241
338,241
363,241
364,241
548,241
557,241
558,241
575,241
577,241
589,241
590,241
607,241
617,241
620,241
622,241
624,241
629,241
630,241
632,241
634,241
635,241
637,241
639,241
641,241
649,241
651,241
661,241
6,242
8,242
237,242
239,242
241,242
247,242
267,242
269,242
271,242
299,242
301,242
302,242
314,242
323,242
343,242
361,242
363,242
550,242
552,242
557,242
558,242
564,242
565,242
567,242
574,242
575,242
587,242
589,242
605,242
607,242
615,242
641,242
642,242
644,242
651,242
652,242
654,242
661,242
666,242
667,242
6,243
8,243
239,243
247,243
264,243
266,243
282,243
284,243
286,243
287,243
289,243
291,243
304,243
306,243
316,243
317,243
326,243
359,243
361,243
553,243
557,243
565,243
575,243
584,243
585,243
604,243
605,243
612,243
647,243
654,243
661,243
662,243
8,244
239,244
247,244
262,244
264,244
274,244
276,244
277,244
279,244
281,244
292,244
294,244
297,244
306,244
307,244
317,244
319,244
331,244
336,244
344,244
348,244
356,244
358,244
359,244
558,244
560,244
579,244
580,244
582,244
602,244
610,244
649,244
656,244
657,244
662,244
667,244
8,245
239,245
241,245
247,245
261,245
262,245
269,245
271,245
297,245
299,245
301,245
309,245
311,245
321,245
323,245
331,245
336,245
353,245
354,245
356,245
560,245
562,245
564,245
565,245
567,245
569,245
572,245
574,245
575,245
577,245
579,245
600,245
607,245
651,245
656,245
657,245
661,245
662,245
667,245
8,246
239,246
241,246
247,246
259,246
266,246
302,246
304,246
311,246
312,246
323,246
324,246
326,246
328,246
329,246
336,246
349,246
351,246
353,246
569,246
570,246
599,246
600,246
605,246
656,246
661,246
662,246
667,246
6,247
8,247
237,247
239,247
241,247
247,247
257,247
264,247
306,247
312,247
314,247
331,247
333,247
338,247
341,247
343,247
344,247
346,247
348,247
349,247
597,247
599,247
604,247
661,247
662,247
667,247
6,248
8,248
239,248
246,248
247,248
256,248
257,248
259,248
261,248
307,248
314,248
316,248
338,248
339,248
341,248
597,248
604,248
661,248
662,248
667,248
8,249
237,249
239,249
247,249
252,249
254,249
259,249
309,249
316,249
317,249
595,249
602,249
657,249
661,249
662,249
667,249
8,250
237,250
239,250
241,250
247,250
252,250
311,250
317,250
594,250
600,250
662,250
667,250
8,251
237,251
239,251
246,251
251,251
252,251
256,251
257,251
312,251
314,251
319,251
592,251
594,251
669,251
8,252
237,252
239,252
241,252
246,252
249,252
254,252
314,252
319,252
321,252
592,252
599,252
662,252
1,253
8,253
237,253
239,253
246,253
247,253
249,253
254,253
316,253
321,253
323,253
590,253
592,253
662,253
1,254
8,254
237,254
239,254
246,254
247,254
252,254
254,254
256,254
317,254
323,254
590,254
595,254
662,254
664,254
669,254
1,255
8,255
237,255
239,255
246,255
251,255
317,255
323,255
324,255
458,255
590,255
595,255
669,255
1,256
8,256
237,256
239,256
241,256
246,256
251,256
317,256
324,256
451,256
453,256
455,256
456,256
458,256
460,256
461,256
463,256
465,256
589,256
595,256
662,256
671,256
1,257
8,257
237,257
239,257
246,257
319,257
324,257
326,257
448,257
450,257
465,257
466,257
468,257
589,257
594,257
1,258
8,258
237,258
239,258
246,258
319,258
326,258
445,258
446,258
468,258
470,258
587,258
589,258
594,258
669,258
1,259
8,259
237,259
239,259
246,259
247,259
319,259
321,259
326,259
443,259
445,259
451,259
460,259
461,259
463,259
470,259
471,259
473,259
533,259
587,259
669,259
1,260
8,260
237,260
239,260
241,260
246,260
321,260
326,260
328,260
440,260
441,260
448,260
465,260
466,260
473,260
475,260
532,260
537,260
587,260
592,260
671,260
1,261
8,261
237,261
239,261
241,261
252,261
321,261
326,261
328,261
379,261
436,261
438,261
440,261
446,261
468,261
475,261
476,261
530,261
532,261
537,261
587,261
592,261
669,261
237,262
239,262
241,262
321,262
323,262
328,262
378,262
383,262
384,262
433,262
435,262
436,262
443,262
445,262
470,262
471,262
478,262
480,262
528,262
537,262
585,262
592,262
669,262
1,263
8,263
237,263
239,263
323,263
328,263
386,263
388,263
430,263
431,263
433,263
441,263
443,263
473,263
482,263
483,263
485,263
523,263
525,263
527,263
533,263
535,263
585,263
671,263
1,264
8,264
237,264
239,264
241,264
247,264
323,264
328,264
378,264
388,264
389,264
426,264
428,264
430,264
440,264
475,264
483,264
485,264
487,264
488,264
520,264
522,264
533,264
585,264
8,265
10,265
237,265
239,265
241,265
247,265
323,265
328,265
379,265
389,265
391,265
393,265
423,265
425,265
426,265
428,265
436,265
438,265
476,265
478,265
488,265
490,265
492,265
493,265
495,265
515,265
517,265
518,265
520,265
522,265
530,265
532,265
585,265
590,265
656,265
657,265
662,265
669,265
3,266
237,266
239,266
241,266
247,266
323,266
328,266
379,266
381,266
391,266
393,266
394,266
396,266
398,266
416,266
418,266
420,266
421,266
423,266
433,266
435,266
480,266
482,266
495,266
497,266
498,266
500,266
502,266
503,266
505,266
507,266
508,266
510,266
512,266
513,266
528,266
530,266
585,266
3,267
10,267
239,267
241,267
247,267
328,267
383,267
384,267
398,267
400,267
401,267
403,267
405,267
406,267
408,267
410,267
411,267
413,267
415,267
416,267
430,267
431,267
483,267
485,267
487,267
523,267
525,267
527,267
528,267
585,267
667,267
3,268
10,268
239,268
241,268
247,268
328,268
329,268
386,268
388,268
389,268
406,268
408,268
428,268
487,268
488,268
490,268
517,268
518,268
520,268
522,268
523,268
585,268
590,268
669,268
3,269
239,269
241,269
247,269
328,269
329,269
389,269
391,269
393,269
394,269
421,269
423,269
492,269
493,269
495,269
500,269
513,269
515,269
517,269
518,269
585,269
669,269
3,270
10,270
239,270
241,270
242,270
246,270
247,270
323,270
329,270
394,270
396,270
398,270
400,270
413,270
415,270
416,270
418,270
420,270
503,270
505,270
508,270
510,270
512,270
513,270
515,270
585,270
11,271
239,271
241,271
247,271
323,271
328,271
329,271
398,271
400,271
401,271
403,271
405,271
406,271
411,271
508,271
585,271
669,271
3,272
11,272
239,272
241,272
247,272
328,272
329,272
406,272
508,272
585,272
590,272
664,272
667,272
5,273
11,273
239,273
241,273
247,273
249,273
324,273
329,273
406,273
411,273
508,273
585,273
667,273
5,274
11,274
13,274
15,274
239,274
241,274
242,274
247,274
249,274
328,274
329,274
406,274
408,274
503,274
508,274
585,274
6,275
16,275
18,275
239,275
241,275
242,275
249,275
323,275
328,275
329,275
406,275
408,275
508,275
585,275
8,276
20,276
21,276
241,276
242,276
249,276
323,276
328,276
408,276
507,276
508,276
585,276
669,276
10,277
23,277
25,277
26,277
28,277
241,277
242,277
249,277
323,277
328,277
408,277
440,277
502,277
507,277
585,277
654,277
662,277
28,278
30,278
241,278
242,278
249,278
323,278
328,278
408,278
410,278
415,278
507,278
585,278
657,278
667,278
15,279
31,279
33,279
241,279
242,279
249,279
251,279
323,279
328,279
410,279
415,279
505,279
507,279
585,279
657,279
15,280
16,280
20,280
21,280
35,280
36,280
38,280
242,280
249,280
251,280
323,280
328,280
410,280
411,280
423,280
505,280
585,280
587,280
657,280
667,280
738,280
15,281
25,281
26,281
30,281
38,281
40,281
41,281
241,281
242,281
244,281
251,281
326,281
328,281
411,281
416,281
503,281
505,281
587,281
667,281
691,281
692,281
694,281
696,281
731,281
734,281
738,281
743,281
30,282
43,282
45,282
242,282
244,282
251,282
254,282
321,282
326,282
411,282
418,282
492,282
498,282
503,282
587,282
687,282
699,282
728,282
729,282
739,282
33,283
35,283
46,283
48,283
241,283
244,283
251,283
326,283
413,283
502,283
503,283
587,283
702,283
724,283
739,283
36,284
50,284
51,284
53,284
239,284
241,284
242,284
244,284
251,284
252,284
326,284
413,284
488,284
502,284
587,284
589,284
666,284
686,284
692,284
694,284
696,284
704,284
707,284
721,284
723,284
734,284
736,284
738,284
739,284
741,284
748,284
40,285
55,285
56,285
235,285
237,285
239,285
246,285
252,285
319,285
324,285
326,285
415,285
420,285
502,285
589,285
666,285
692,285
694,285
696,285
697,285
699,285
707,285
711,285
731,285
733,285
734,285
741,285
743,285
748,285
45,286
48,286
58,286
60,286
61,286
232,286
234,286
235,286
247,286
252,286
319,286
324,286
415,286
416,286
421,286
495,286
500,286
589,286
666,286
684,286
691,286
692,286
699,286
701,286
702,286
712,286
714,286
716,286
717,286
728,286
729,286
743,286
50,287
51,287
63,287
65,287
66,287
199,287
200,287
202,287
205,287
207,287
230,287
232,287
234,287
252,287
324,287
416,287
421,287
498,287
500,287
589,287
590,287
659,287
691,287
702,287
704,287
706,287
707,287
717,287
724,287
726,287
728,287
743,287
749,287
53,288
68,288
70,288
197,288
202,288
204,288
205,288
207,288
209,288
210,288
212,288
214,288
215,288
227,288
229,288
230,288
241,288
242,288
247,288
252,288
254,288
323,288
324,288
416,288
418,288
423,288
492,288
498,288
590,288
595,288
664,288
691,288
707,288
709,288
723,288
724,288
743,288
744,288
749,288
56,289
71,289
73,289
75,289
195,289
197,289
199,289
204,289
207,289
209,289
210,289
212,289
214,289
215,289
217,289
219,289
220,289
222,289
224,289
225,289
227,289
229,289
239,289
242,289
254,289
317,289
323,289
418,289
425,289
490,289
498,289
590,289
684,289
689,289
691,289
711,289
712,289
721,289
744,289
748,289
60,290
76,290
78,290
80,290
194,290
195,290
197,290
219,290
220,290
222,290
224,290
225,290
227,290
235,290
244,290
254,290
256,290
317,290
323,290
418,290
420,290
425,290
426,290
490,290
497,290
590,290
592,290
657,290
664,290
682,290
689,290
714,290
716,290
717,290
744,290
749,290
751,290
65,291
66,291
80,291
82,291
83,291
85,291
194,291
195,291
225,291
234,291
244,291
254,291
256,291
316,291
321,291
420,291
421,291
426,291
428,291
488,291
495,291
497,291
592,291
597,291
656,291
687,291
689,291
721,291
751,291
754,291
70,292
71,292
85,292
87,292
88,292
192,292
194,292
202,292
204,292
205,292
207,292
209,292
212,292
214,292
232,292
244,292
249,292
256,292
321,292
421,292
428,292
487,292
488,292
493,292
495,292
592,292
656,292
662,292
682,292
687,292
689,292
723,292
724,292
744,292
758,292
759,292
761,292
75,293
88,293
90,293
92,293
93,293
192,293
194,293
200,293
212,293
214,293
215,293
217,293
230,293
246,293
251,293
256,293
314,293
321,293
423,293
430,293
431,293
485,293
487,293
492,293
493,293
594,293
599,293
656,293
662,293
681,293
682,293
687,293
689,293
717,293
724,293
726,293
744,293
746,293
764,293
766,293
78,294
80,294
93,294
95,294
97,294
98,294
192,294
217,294
219,294
220,294
229,294
246,294
251,294
256,294
257,294
319,294
425,294
431,294
433,294
483,294
485,294
490,294
492,294
594,294
595,294
654,294
656,294
679,294
681,294
689,294
719,294
721,294
728,294
748,294
749,294
751,294
753,294
754,294
756,294
768,294
83,295
98,295
100,295
102,295
190,295
192,295
199,295
224,295
225,295
247,295
257,295
312,295
317,295
319,295
426,295
433,295
435,295
482,295
483,295
490,295
595,295
600,295
654,295
676,295
681,295
687,295
721,295
723,295
728,295
729,295
756,295
758,295
759,295
761,295
763,295
769,295
87,296
88,296
103,296
105,296
107,296
190,296
247,296
257,296
259,296
311,296
317,296
426,296
428,296
435,296
436,296
480,296
482,296
488,296
595,296
652,296
659,296
661,296
672,296
686,296
687,296
724,296
729,296
731,296
764,296
766,296
771,296
92,297
107,297
108,297
110,297
112,297
190,297
192,297
259,297
309,297
316,297
317,297
428,297
430,297
436,297
438,297
478,297
480,297
487,297
488,297
597,297
647,297
669,297
684,297
686,297
724,297
726,297
731,297
733,297
764,297
766,297
97,298
98,298
113,298
115,298
117,298
189,298
190,298
219,298
251,298
259,298
261,298
309,298
314,298
316,298
430,298
431,298
438,298
440,298
441,298
476,298
478,298
483,298
485,298
597,298
599,298
659,298
666,298
681,298
682,298
726,298
728,298
733,298
764,298
769,298
102,299
103,299
117,299
118,299
120,299
122,299
187,299
189,299
217,299
254,299
261,299
307,299
312,299
314,299
433,299
435,299
441,299
443,299
445,299
473,299
475,299
482,299
483,299
599,299
676,299
677,299
679,299
681,299
728,299
729,299
734,299
764,299
769,299
105,300
122,300
123,300
125,300
127,300
182,300
184,300
185,300
215,300
220,300
259,300
261,300
262,300
306,300
312,300
435,300
436,300
445,300
446,300
448,300
468,300
470,300
471,300
480,300
482,300
599,300
600,300
656,300
657,300
674,300
676,300
729,300
734,300
736,300
763,300
769,300
110,300
112,300
127,300
128,300
130,300
132,300
177,300
179,300
180,300
182,300
214,300
219,300
220,300
262,300
264,300
266,300
304,300
311,300
312,300
436,300
438,300
440,300
448,300
450,300
451,300
453,300
455,300
456,300
458,300
460,300
461,300
463,300
465,300
466,300
476,300
478,300
480,300
600,300
602,300
672,300
674,300
729,300
731,300
736,300
763,300
768,300
769,300
115,301
117,301
132,301
133,301
135,301
137,301
174,301
175,301
177,301
212,301
217,301
219,301
254,301
256,301
266,301
302,301
309,301
311,301
440,301
441,301
458,301
475,301
476,301
602,301
644,301
654,301
657,301
669,301
671,301
731,301
736,301
763,301
120,302
137,302
138,302
140,302
142,302
172,302
175,302
210,302
215,302
217,302
256,302
257,302
266,302
267,302
301,302
307,302
309,302
441,302
443,302
445,302
446,302
470,302
471,302
473,302
475,302
602,302
604,302
666,302
667,302
731,302
733,302
736,302
761,302
763,302
768,302
123,303
125,303
142,303
143,303
145,303
209,303
214,303
215,303
299,303
306,303
307,303
446,303
448,303
450,303
451,303
453,303
455,303
460,303
461,303
463,303
465,303
466,303
468,303
470,303
604,303
605,303
652,303
662,303
664,303
666,303
733,303
738,303
759,303
761,303
128,304
132,304
133,304
147,304
148,304
150,304
172,304
207,304
212,304
214,304
261,304
262,304
269,304
296,304
297,304
304,304
306,304
451,304
453,304
455,304
456,304
458,304
460,304
461,304
463,304
605,304
607,304
651,304
661,304
662,304
733,304
738,304
759,304
135,305
137,305
150,305
152,305
153,305
155,305
172,305
205,305
207,305
212,305
262,305
264,305
269,305
271,305
294,305
296,305
302,305
304,305
607,305
609,305
657,305
659,305
733,305
759,305
766,305
138,306
155,306
157,306
158,306
172,306
174,306
179,306
205,306
210,306
266,306
289,306
291,306
301,306
609,306
610,306
637,306
654,306
656,306
657,306
761,306
763,306
768,306
143,307
145,307
147,307
160,307
162,307
164,307
172,307
174,307
204,307
209,307
266,307
267,307
286,307
287,307
297,307
299,307
610,307
612,307
652,307
654,307
763,307
771,307
150,308
164,308
165,308
167,308
174,308
204,308
209,308
267,308
269,308
284,308
296,308
297,308
614,308
615,308
649,308
651,308
652,308
764,308
766,308
148,309
153,309
155,309
167,309
169,309
174,309
175,309
182,309
202,309
207,309
271,309
291,309
292,309
294,309
615,309
617,309
647,309
649,309
766,309
773,309
147,310
148,310
157,310
158,310
160,310
174,310
175,310
202,310
207,310
272,310
282,310
289,310
291,310
292,310
619,310
620,310
622,310
646,310
647,310
766,310
768,310
773,310
162,311
164,311
174,311
175,311
177,311
184,311
200,311
205,311
274,311
282,311
284,311
286,311
287,311
289,311
622,311
624,311
635,311
642,311
644,311
768,311
773,311
774,311
165,312
167,312
169,312
175,312
177,312
200,312
205,312
276,312
284,312
625,312
627,312
629,312
630,312
632,312
641,312
642,312
768,312
774,312
175,313
177,313
277,313
629,313
639,313
641,313
766,313
771,313
174,314
175,314
184,314
279,314
627,314
637,314
639,314
766,314
170,315
172,315
174,315
182,315
281,315
282,315
291,315
625,315
635,315
759,315
764,315
771,315
169,316
170,316
172,316
180,316
282,316
284,316
292,316
624,316
625,316
634,316
758,316
763,316
768,316
769,316
167,317
169,317
170,317
179,317
284,317
286,317
294,317
622,317
632,317
761,317
167,318
170,318
177,318
286,318
287,318
296,318
620,318
630,318
761,318
768,318
167,319
170,319
287,319
289,319
296,319
297,319
619,319
627,319
629,319
761,319
763,319
167,320
169,320
170,320
179,320
291,320
297,320
299,320
617,320
624,320
625,320
763,320
769,320
169,321
172,321
292,321
301,321
622,321
624,321
763,321
769,321
169,322
170,322
180,322
294,322
302,322
620,322
622,322
763,322
769,322
170,323
174,323
296,323
764,323
769,323
170,324
172,324
175,324
297,324
304,324
763,324
764,324
769,324
172,325
175,325
184,325
299,325
306,325
307,325
759,325
761,325
763,325
769,325
172,326
175,326
184,326
301,326
307,326
309,326
754,326
756,326
758,326
766,326
172,327
175,327
302,327
311,327
751,327
753,327
764,327
766,327
172,328
175,328
182,328
304,328
306,328
311,328
749,328
751,328
763,328
764,328
172,329
175,329
312,329
748,329
749,329
759,329
172,330
180,330
309,330
314,330
748,330
172,331
180,331
316,331
748,331
749,331
172,332
175,332
748,332
756,332
170,333
172,333
175,333
746,333
748,333
172,334
175,334
746,334
753,334
172,335
174,335
177,335
744,335
746,335
753,335
174,336
175,336
179,336
744,336
753,336
175,337
177,337
179,337
182,337
744,337
751,337
179,338
180,338
743,338
744,338
180,339
182,339
743,339
749,339
182,340
743,340
749,340
182,341
184,341
741,341
743,341
748,341
184,342
741,342
184,343
741,343
184,344
739,344
741,344
746,344
184,345
185,345
739,345
185,346
738,346
739,346
744,346
185,347
187,347
738,347
743,347
744,347
185,348
187,348
738,348
743,348
187,349
736,349
738,349
187,350
736,350
743,350
187,351
199,351
734,351
743,351
187,352
189,352
734,352
739,352
741,352
189,353
200,353
733,353
734,353
739,353
189,354
200,354
733,354
734,354
739,354
189,355
190,355
731,355
733,355
739,355
190,356
731,356
190,357
731,357
738,357
190,358
192,358
195,358
729,358
738,358
192,359
728,359
729,359
192,360
728,360
736,360
192,361
195,361
728,361
729,361
192,362
726,362
728,362
734,362
192,363
194,363
197,363
205,363
726,363
733,363
194,364
195,364
197,364
205,364
724,364
726,364
731,364
195,365
724,365
726,365
731,365
189,366
195,366
199,366
723,366
724,366
729,366
731,366
195,367
197,367
207,367
723,367
187,368
197,368
200,368
207,368
723,368
728,368
729,368
185,369
194,369
197,369
200,369
209,369
721,369
723,369
728,369
184,370
192,370
197,370
199,370
209,370
719,370
721,370
184,371
199,371
202,371
209,371
719,371
726,371
182,372
199,372
200,372
202,372
210,372
717,372
189,373
200,373
204,373
716,373
717,373
724,373
179,374
187,374
200,374
204,374
212,374
716,374
723,374
202,375
205,375
212,375
714,375
721,375
177,376
185,376
202,376
205,376
214,376
712,376
714,376
721,376
175,377
184,377
202,377
205,377
214,377
711,377
712,377
182,378
204,378
711,378
717,378
172,379
180,379
204,379
207,379
215,379
709,379
711,379
205,380
209,380
709,380
711,380
179,381
205,381
217,381
707,381
716,381
169,382
177,382
207,382
210,382
219,382
706,382
167,383
207,383
219,383
704,383
706,383
711,383
209,384
212,384
220,384
702,384
704,384
165,385
174,385
209,385
214,385
220,385
702,385
711,385
165,386
172,386
210,386
214,386
222,386
701,386
707,386
164,387
210,387
222,387
224,387
699,387
701,387
162,388
170,388
210,388
212,388
215,388
224,388
697,388
699,388
704,388
169,389
212,389
225,389
696,389
697,389
704,389
160,390
214,390
217,390
225,390
694,390
696,390
158,391
167,391
214,391
219,391
227,391
694,391
165,392
215,392
219,392
227,392
692,392
697,392
701,392
215,393
220,393
229,393
691,393
701,393
155,394
164,394
217,394
230,394
689,394
691,394
697,394
155,395
217,395
222,395
230,395
687,395
689,395
696,395
153,396
219,396
232,396
687,396
694,396
160,397
220,397
224,397
232,397
686,397
692,397
152,398
158,398
220,398
234,398
684,398
692,398
150,399
158,399
222,399
225,399
234,399
682,399
684,399
691,399
157,400
222,400
227,400
235,400
681,400
682,400
689,400
150,400
155,400
224,400
229,400
235,400
679,400
681,400
147,401
148,401
155,401
224,401
229,401
237,401
677,401
679,401
686,401
687,401
225,402
230,402
237,402
676,402
677,402
145,403
227,403
230,403
239,403
674,403
676,403
684,403
152,404
220,404
227,404
232,404
672,404
674,404
150,405
220,405
227,405
229,405
232,405
241,405
672,405
142,406
143,406
150,406
219,406
229,406
234,406
242,406
671,406
681,406
682,406
229,407
230,407
234,407
242,407
669,407
677,407
140,408
224,408
230,408
235,408
667,408
669,408
677,408
142,409
147,409
222,409
230,409
232,409
244,409
666,409
676,409
138,410
145,410
232,410
666,410
145,411
232,411
234,411
246,411
664,411
672,411
137,412
143,412
234,412
239,412
247,412
662,412
671,412
143,413
225,413
230,413
234,413
235,413
247,413
661,413
662,413
671,413
135,414
237,414
241,414
659,414
661,414
142,415
237,415
659,415
133,416
140,416
225,416
227,416
229,416
237,416
657,416
667,416
140,417
234,417
239,417
656,417
657,417
132,418
140,418
239,418
244,418
654,418
656,418
138,419
239,419
654,419
659,419
662,419
664,419
138,420
140,420
239,420
654,420
132,421
142,421
143,421
239,421
654,421
662,421
135,422
147,422
148,422
150,422
239,422
241,422
654,422
656,422
135,423
152,423
153,423
155,423
241,423
654,423
661,423
138,424
142,424
157,424
158,424
160,424
162,424
241,424
654,424
659,424
143,425
165,425
167,425
169,425
241,425
654,425
656,425
147,426
150,426
172,426
174,426
175,426
241,426
654,426
656,426
153,427
155,427
157,427
158,427
179,427
180,427
182,427
241,427
654,427
659,427
158,428
162,428
185,428
187,428
190,428
241,428
244,428
654,428
165,429
167,429
169,429
170,429
194,429
654,429
659,429
172,430
174,430
175,430
200,430
202,430
204,430
242,430
244,430
654,430
179,431
182,431
184,431
185,431
242,431
244,431
654,431
656,431
187,432
190,432
192,432
194,432
242,432
244,432
654,432
197,433
200,433
202,433
242,433
654,433
659,433
212,434
242,434
652,434
204,435
210,435
242,435
246,435
654,435
210,436
654,436
656,436
659,436
200,437
202,437
209,437
246,437
654,437
202,438
242,438
246,438
654,438
659,438
207,439
244,439
246,439
654,439
207,440
244,440
654,440
656,440
205,441
207,441
234,441
244,441
246,441
654,441
656,441
657,441
197,442
205,442
244,442
246,442
656,442
661,442
204,443
244,443
246,443
654,443
661,443
195,444
212,444
244,444
252,444
654,444
244,445
252,445
656,445
194,446
244,446
247,446
252,446
656,446
244,447
252,447
656,447
194,448
244,448
252,448
654,448
661,448
192,449
244,449
247,449
252,449
654,449
192,450
244,450
252,450
654,450
190,451
244,451
656,451
657,451
244,452
246,452
247,452
251,452
656,452
662,452
189,453
244,453
246,453
251,453
656,453
242,454
246,454
251,454
656,454
659,454
187,455
242,455
246,455
251,455
656,455
187,456
237,456
241,456
242,456
244,456
656,456
662,456
241,457
244,457
249,457
656,457
657,457
662,457
185,458
235,458
241,458
244,458
249,458
656,458
662,458
241,459
244,459
249,459
656,459
184,460
234,460
239,460
241,460
244,460
249,460
656,460
657,460
664,460
184,461
239,461
242,461
244,461
249,461
656,461
661,461
184,462
239,462
242,462
657,462
182,463
230,463
239,463
242,463
247,463
657,463
664,463
182,464
237,464
242,464
247,464
657,464
664,464
182,465
232,465
234,465
237,465
239,465
242,465
247,465
657,465
237,466
239,466
241,466
657,466
666,466
180,467
239,467
241,467
246,467
247,467
657,467
659,467
666,467
180,468
237,468
241,468
659,468
180,469
237,469
241,469
246,469
659,469
664,469
666,469
179,470
237,470
241,470
246,470
659,470
179,471
237,471
239,471
244,471
246,471
659,471
661,471
179,472
235,472
237,472
239,472
659,472
235,473
239,473
661,473
666,473
177,474
235,474
239,474
244,474
661,474
666,474
177,475
182,475
184,475
235,475
661,475
666,475
235,476
237,476
242,476
661,476
662,476
667,476
179,477
194,477
235,477
237,477
242,477
661,477
662,477
667,477
182,478
184,478
234,478
235,478
237,478
661,478
662,478
187,479
189,479
205,479
234,479
235,479
241,479
662,479
669,479
192,480
194,480
195,480
234,480
235,480
662,480
669,480
199,481
200,481
232,481
234,481
235,481
241,481
662,481
664,481
671,481
204,482
205,482
207,482
227,482
232,482
234,482
662,482
664,482
671,482
210,483
212,483
214,483
232,483
234,483
664,483
671,483
217,484
219,484
232,484
234,484
664,484
671,484
222,485
224,485
225,485
230,485
232,485
234,485
239,485
664,485
671,485
230,486
234,486
239,486
664,486
666,486
672,486
229,487
230,487
664,487
666,487
672,487
229,488
237,488
666,488
229,489
666,489
674,489
229,490
666,490
227,491
229,491
232,491
666,491
667,491
674,491
227,492
667,492
227,493
667,493
676,493
227,494
667,494
669,494
227,495
669,495
676,495
227,496
669,496
227,497
669,497
677,497
225,498
227,498
671,498
225,499
671,499
677,499
225,500
671,500
677,500
225,500
671,500
679,500
224,501
225,501
672,501
224,502
672,502
679,502
224,503
672,503
224,504
672,504
681,504
224,505
672,505
224,506
672,506
674,506
681,506
224,507
674,507
681,507
222,508
224,508
674,508
681,508
222,509
674,509
222,510
674,510
222,511
674,511
676,511
222,512
674,512
682,512
222,513
224,513
676,513
222,514
224,514
676,514
682,514
222,515
224,515
676,515
682,515
220,516
222,516
676,516
684,516
220,517
222,517
676,517
677,517
684,517
220,518
222,518
677,518
220,519
222,519
677,519
220,520
222,520
677,520
220,521
225,521
677,521
220,522
225,522
677,522
220,523
225,523
677,523
220,524
225,524
677,524
684,524
225,525
677,525
679,525
686,525
225,526
679,526
225,527
677,527
679,527
686,527
220,528
225,528
677,528
679,528
686,528
220,529
227,529
679,529
686,529
227,530
679,530
686,530
227,531
679,531
225,532
227,532
679,532
686,532
220,533
227,533
679,533
686,533
220,534
227,534
679,534
686,534
227,535
679,535
686,535
220,536
227,536
679,536
227,537
229,537
679,537
222,538
229,538
679,538
229,539
679,539
686,539
222,540
229,540
677,540
679,540
224,541
229,541
230,541
677,541
224,542
230,542
677,542
684,542
224,543
230,543
677,543
684,543
232,544
677,544
684,544
225,545
232,545
677,545
684,545
225,546
232,546
676,546
682,546
225,547
232,547
234,547
676,547
229,548
234,548
676,548
682,548
234,549
674,549
676,549
682,549
227,550
234,550
235,550
674,550
235,551
674,551
681,551
229,552
235,552
237,552
672,552
681,552
237,553
672,553
237,554
239,554
671,554
672,554
230,555
239,555
669,555
671,555
677,555
235,556
239,556
241,556
669,556
676,556
235,557
241,557
463,557
465,557
667,557
669,557
676,557
235,558
241,558
242,558
446,558
448,558
450,558
451,558
453,558
455,558
456,558
458,558
460,558
461,558
465,558
466,558
468,558
470,558
471,558
473,558
475,558
476,558
667,558
674,558
235,559
237,559
242,559
440,559
441,559
443,559
445,559
446,559
448,559
450,559
473,559
476,559
478,559
480,559
482,559
483,559
485,559
666,559
672,559
244,560
435,560
436,560
438,560
441,560
485,560
487,560
488,560
664,560
666,560
671,560
237,561
239,561
244,561
246,561
430,561
431,561
433,561
435,561
453,561
455,561
456,561
458,561
460,561
490,561
492,561
662,561
664,561
239,562
246,562
247,562
425,562
426,562
428,562
430,562
445,562
446,562
450,562
463,562
465,562
466,562
468,562
493,562
495,562
661,562
662,562
669,562
247,563
249,563
420,563
421,563
423,563
425,563
440,563
441,563
471,563
473,563
475,563
495,563
497,563
659,563
661,563
667,563
241,564
249,564
251,564
416,564
418,564
420,564
435,564
478,564
480,564
498,564
500,564
656,564
657,564
659,564
666,564
242,565
251,565
411,565
413,565
415,565
430,565
431,565
483,565
500,565
502,565
503,565
505,565
507,565
654,565
656,565
664,565
244,566
252,566
406,566
408,566
410,566
425,566
426,566
485,566
487,566
503,566
507,566
508,566
510,566
512,566
513,566
652,566
654,566
664,566
246,567
254,567
403,567
405,567
418,567
420,567
421,567
490,567
492,567
493,567
513,567
515,567
649,567
651,567
652,567
667,567
247,568
256,568
398,568
400,568
401,568
418,568
495,568
497,568
498,568
500,568
502,568
517,568
518,568
520,568
522,568
523,568
646,568
647,568
649,568
659,568
661,568
671,568
242,569
256,569
257,569
394,569
396,569
398,569
400,569
410,569
411,569
413,569
415,569
503,569
505,569
525,569
527,569
528,569
644,569
646,569
656,569
657,569
659,569
661,569
662,569
664,569
672,569
247,570
249,570
389,570
391,570
393,570
394,570
406,570
408,570
508,570
510,570
512,570
530,570
532,570
533,570
535,570
642,570
651,570
652,570
654,570
656,570
657,570
664,570
666,570
674,570
241,571
246,571
247,571
249,571
384,571
386,571
388,571
389,571
391,571
401,571
403,571
405,571
515,571
517,571
535,571
537,571
538,571
540,571
542,571
543,571
646,571
647,571
649,571
651,571
659,571
661,571
666,571
667,571
676,571
239,572
246,572
251,572
252,572
262,572
381,572
383,572
384,572
386,572
400,572
518,572
522,572
543,572
545,572
547,572
548,572
619,572
620,572
622,572
624,572
625,572
644,572
652,572
654,572
661,572
662,572
664,572
669,572
671,572
676,572
677,572
237,573
244,573
374,573
376,573
378,573
379,573
381,573
394,573
396,573
525,573
527,573
528,573
548,573
550,573
552,573
553,573
555,573
557,573
558,573
560,573
562,573
564,573
565,573
569,573
570,573
604,573
605,573
610,573
612,573
614,573
615,573
617,573
654,573
656,573
657,573
666,573
667,573
671,573
679,573
235,574
242,574
244,574
371,574
373,574
389,574
391,574
532,574
533,574
560,574
562,574
565,574
567,574
572,574
574,574
575,574
577,574
579,574
580,574
582,574
584,574
585,574
587,574
589,574
590,574
592,574
594,574
595,574
597,574
599,574
600,574
602,574
604,574
607,574
609,574
627,574
657,574
659,574
661,574
667,574
669,574
672,574
674,574
679,574
234,575
241,575
242,575
247,575
364,575
366,575
368,575
369,575
384,575
386,575
388,575
537,575
538,575
540,575
587,575
589,575
619,575
620,575
622,575
624,575
625,575
637,575
639,575
641,575
642,575
644,575
661,575
662,575
671,575
674,575
676,575
681,575
234,576
239,576
241,576
244,576
359,576
361,576
363,576
364,576
379,576
381,576
543,576
545,576
547,576
548,576
607,576
609,576
612,576
614,576
615,576
617,576
632,576
644,576
646,576
647,576
649,576
664,576
666,576
672,576
674,576
676,576
677,576
232,577
239,577
242,577
274,577
276,577
354,577
356,577
358,577
359,577
374,577
376,577
550,577
552,577
553,577
555,577
557,577
558,577
599,577
600,577
602,577
604,577
605,577
607,577
651,577
652,577
654,577
667,577
669,577
676,577
677,577
682,577
230,578
237,578
241,578
247,578
249,578
271,578
276,578
277,578
279,578
281,578
282,578
284,578
286,578
348,578
349,578
351,578
353,578
371,578
562,578
567,578
570,578
572,578
584,578
585,578
587,578
590,578
592,578
594,578
595,578
597,578
599,578
600,578
635,578
637,578
639,578
641,578
642,578
644,578
656,578
657,578
659,578
669,578
671,578
677,578
679,578
684,578
230,579
235,579
237,579
241,579
246,579
247,579
271,579
282,579
287,579
289,579
291,579
294,579
296,579
297,579
299,579
341,579
343,579
344,579
346,579
348,579
366,579
368,579
369,579
574,579
575,579
587,579
589,579
590,579
592,579
644,579
646,579
647,579
649,579
659,579
661,579
662,579
672,579
679,579
229,580
235,580
239,580
244,580
246,580
272,580
292,580
296,580
297,580
301,580
302,580
304,580
306,580
307,580
309,580
311,580
312,580
316,580
317,580
319,580
321,580
323,580
324,580
326,580
328,580
329,580
331,580
333,580
334,580
336,580
338,580
339,580
341,580
359,580
361,580
363,580
579,580
592,580
594,580
649,580
651,580
652,580
654,580
662,580
664,580
666,580
674,580
681,580
686,580
229,581
234,581
237,581
239,581
244,581
259,581
261,581
262,581
264,581
272,581
274,581
276,581
311,581
312,581
328,581
329,581
333,581
334,581
351,581
353,581
354,581
356,581
582,581
595,581
597,581
599,581
654,581
656,581
657,581
666,581
667,581
669,581
676,581
677,581
682,581
227,582
232,582
234,582
237,582
242,582
244,582
257,582
259,582
276,582
277,582
279,582
348,582
349,582
585,582
600,582
602,582
604,582
605,582
657,582
659,582
661,582
669,582
671,582
672,582
677,582
679,582
687,582
227,583
232,583
235,583
237,583
242,583
257,583
266,583
281,583
282,583
284,583
344,583
587,583
589,583
607,583
609,583
610,583
612,583
614,583
662,583
664,583
672,583
674,583
679,583
681,583
225,584
230,584
232,584
235,584
241,584
256,584
257,584
262,584
264,584
286,584
287,584
289,584
291,584
292,584
296,584
302,584
304,584
329,584
331,584
334,584
336,584
339,584
341,584
592,584
614,584
615,584
617,584
619,584
620,584
622,584
664,584
666,584
667,584
674,584
676,584
681,584
687,584
225,585
230,585
234,585
235,585
241,585
254,585
261,585
262,585
299,585
301,585
302,585
304,585
316,585
317,585
319,585
321,585
323,585
326,585
328,585
594,585
595,585
617,585
622,585
624,585
625,585
627,585
629,585
669,585
671,585
677,585
679,585
681,585
225,586
230,586
234,586
239,586
252,586
254,586
259,586
261,586
297,586
299,586
301,586
312,586
599,586
600,586
629,586
630,586
632,586
634,586
635,586
639,586
641,586
671,586
672,586
679,586
686,586
230,587
234,587
239,587
251,587
252,587
257,587
259,587
294,587
296,587
311,587
605,587
607,587
635,587
641,587
642,587
644,587
646,587
647,587
649,587
672,587
674,587
676,587
224,588
230,588
232,588
234,588
237,588
239,588
251,588
256,588
257,588
291,588
292,588
307,588
610,588
612,588
615,588
619,588
651,588
652,588
654,588
656,588
657,588
659,588
661,588
662,588
664,588
666,588
667,588
669,588
671,588
672,588
674,588
684,588
229,589
232,589
237,589
249,589
254,589
256,589
286,589
287,589
289,589
304,589
622,589
682,589
224,590
229,590
230,590
232,590
237,590
247,590
249,590
254,590
281,590
282,590
284,590
286,590
299,590
301,590
625,590
627,590
629,590
630,590
632,590
677,590
679,590
224,591
229,591
230,591
235,591
237,591
246,591
247,591
252,591
274,591
276,591
277,591
279,591
296,591
635,591
639,591
641,591
642,591
644,591
646,591
647,591
649,591
651,591
652,591
654,591
656,591
659,591
661,591
667,591
669,591
671,591
672,591
674,591
230,592
235,592
237,592
246,592
251,592
252,592
269,592
271,592
272,592
274,592
294,592
634,592
664,592
225,593
230,593
235,593
244,593
249,593
251,593
264,593
266,593
267,593
269,593
287,593
289,593
291,593
225,594
230,594
232,594
235,594
244,594
249,594
257,594
259,594
261,594
262,594
282,594
284,594
232,595
235,595
237,595
239,595
241,595
242,595
244,595
247,595
249,595
252,595
254,595
256,595
279,595
227,596
241,596
242,596
272,596
274,596
276,596
229,597
266,597
267,597
269,597
230,598
232,598
256,598
257,598
259,598
261,598
262,598
